9.068123363605826,0.25099498334430137
7.432389786257737,0.17146648208614695
4.899935640482152,0.5477991772670546
4.119784637274218,0.12759337398498077
5.344456865523561,1.1393578288107895
3.578197979965555,0.24528379768953643
4.976109150323294,0.6460296858943315
6.065150192143822,0.8639551648691961
5.306143538075203,0.9450788118429199
5.547966744387271,1.0374544554907854
4.320012735448832,0.34085580793056713
6.1444446112220765,1.1068241418876554
8.24870795415848,0.23766478949131276
8.091555922552121,0.28966031122818703
9.232425257447815,0.1596866499122023
9.948875546409816,0.06142841175473327
8.965118660454097,-0.20921787182471954
4.130397594158284,0.39682307857124566
3.1942424439221337,0.041795085114524816
5.499434670249338,0.9519321004014649
1.3912448130043975,0.710056880842421
5.123142048497752,0.6670055032116443
8.743443767875473,-0.17163767931729737
9.238889365994705,0.1475709305250874
5.165352621035185,0.7854154883809107
7.626192842157091,0.028787930826773667
9.562187884042183,-0.03479429354356326
6.835288667831859,1.1893008596553165
3.134843115871763,0.1419057849090911
8.44908330572476,-0.16232918333964363
8.298408971475725,-0.11984268556270267
6.988483045890211,0.6331209387940021
1.046896738003119,0.46590873580715797
2.9048868409688877,0.38536756006445333
4.738071800989122,0.2877501818899636
9.841526236966363,-0.0835770253912789
5.353731888164701,1.2718094314958222
7.197901200113943,0.28841010290645264
9.574019484375498,-0.1867746353792796
3.0196591932494443,0.3812013707156229
0.3030335618073743,-0.2530985727786925
4.3942167594465324,-0.11162404829031652
2.657240228739568,0.3914846275867414
3.784265130806028,0.10541524588093665
2.626641676732633,0.27641065594643677
9.88694806214175,-0.07370233260872748
5.693132273705325,1.007949852623384
5.013621337776519,0.7694566858832559
2.857855325056268,0.7083890623592053
8.5731401468009,0.23456918006683286
6.86738437712288,0.6794682972951467
3.484496297662285,0.2566521122548584
4.745342698735,0.41712241349733226
5.066156959093665,0.8270789450599231
8.875976284027583,0.09968923476495592
1.1809846788682266,0.3686507608353141
3.33571014666651,0.019374367032872153
1.7417835567788864,0.5663640773079437
4.753650036722038,0.32537307255039394
1.5658282437422266,0.10773942505546075
4.512987928979836,0.23855057846589803
0.18317528703682529,-0.26346103407877686
8.017700829957455,0.39636691802121227
9.78716115472413,0.4222546588617062
2.2312029067408967,0.40098652047729605
6.480654061541466,1.1837124536268115
5.5389989274439975,1.322514973445959
1.9236176581283415,0.6696849727927096
3.161632463774543,0.5607604708019119
9.409764173435956,-0.4563879794911055
1.3494044250719306,0.13882654806018963
8.969813925657643,0.00377684427237345
5.984468997255142,1.0411845075583723
1.6541330761933848,0.2704058014334297
4.404648234038763,0.3299812568985778
4.524650001625017,0.3724014774243014
9.798375716070769,-0.14008135729388368
8.650462838628577,-0.17515600573650453
2.3255294812051144,0.41450132984463023
0.32974565908287845,0.001786222145179664
3.378047504686644,-0.10062211208986205
5.874090020730557,1.3413168461796396
7.06648271634723,0.8891979179370472
1.166292399044676,0.6076081892351688
2.278233092192189,0.7481066137196374
0.13140534960796701,-0.0331126083128863
8.818869549093149,0.23457211902470534
3.843654742772622,0.20965309596208137
1.594957603449173,0.2624985893649149
0.3759231676307706,0.2168107315371172
6.967864970885077,0.8565509604921345
3.8448149682529618,-0.17769537732887075
2.2813237852885324,0.47226549559437664
7.35863645793048,0.29218247212220766
6.410814752339988,1.209682976554122
4.362074227914647,0.06800091447640166
2.6670868504476486,0.5144126441248033
7.852653185436286,0.4098903880923833
1.2014556305469726,0.06334129666476407
0.4401778411555868,0.35925673030491434
4.893432959069342,0.8788958082070418
9.066664857971228,-0.18441450727580014
5.449187548903637,1.285933728978166
0.7714980778418767,0.2297869708891358
8.25126962992455,0.05307761058950114
2.551195248265322,0.10695060289965341
9.375353562066955,-0.05068339181819335
3.4961816296467463,0.050292355648177856
3.383730870536832,0.20120240930760863
4.2834107680878954,0.6166206255631193
6.293996757327182,1.39216248727049
5.260203825287747,1.0512247112498205
7.1007179112532235,0.6501865081080512
5.938746386526828,0.9539006484986516
5.2356670298444365,0.9183722474136946
9.319595769169608,0.2805879486695101
7.296482010012476,0.6562781984019934
3.502779985466061,-0.27340320317568517
9.657342682306085,-0.03028126359699007
7.7569123530225434,0.03268998995956776
4.3868927068318,0.4971811843849917
8.877530536645896,0.15688231754594728
4.704025188230152,0.5326569985145548
4.441009452249233,0.34814186174448913
1.2357741571564274,0.37958199019252103
4.283871416941436,0.0722730880210464
0.6393800428534313,0.33829751139248565
6.047276962060454,1.3863600205647317
7.947194225040326,0.22559766056256328
8.841713577704404,0.07105657760200498
5.295008759887341,1.1134818577731218
8.581439842472351,0.02449395302091714
0.802922799486786,0.2804957497895043
6.12225157269454,0.8949351626369489
1.6095908824057292,0.002375333284697523
4.033446525873121,0.08116548555901057
9.199884059831602,0.027731176223811615
5.285663328442093,0.5365197582835395
5.137507534126317,0.6132495237940189
8.705521838731455,0.1742990018308027
5.226241960923516,1.0450723729176812
9.046497447705754,0.598867306405965
4.806934403071704,0.6706117898892038
1.860998339671912,0.3231737823296549
0.8668809988054349,0.16515376419879935
9.207056947368372,-0.2135492910882721
7.319310276597201,0.5175098669461881
6.2593379770969495,1.2369964823576076
8.82059659501696,-0.11433003074355214
3.449534767016437,0.2257440791112516
2.1641993637738444,0.37750554709835604
7.520836142583766,0.007877913180329932
2.2998087513212626,0.5037624687078596
8.644391623458315,0.30900128993559206
4.1956547534295545,0.2997802514151708
8.349365455293992,-0.01138714974340857
9.720641619098545,0.25195700190374043
2.281372719028887,0.47150034706386307
1.5453895385525263,0.41722393126116675
1.1125229246557777,0.29994007953958607
0.9926820204335929,0.4368692268415161
4.696250929672265,0.5569839515902938
1.7327162949988584,0.27667101533876076
0.5061872761117725,0.23279337590078325
8.911613631022478,0.09402394077919843
8.5616899186741,0.144207316092
0.34499558831518007,0.05429814298316072
2.148260879156225,0.2712801484482818
9.05993284655228,-0.041574798163177704
2.8452622863321944,0.42891850961202427
7.1502022797055,0.6510608666607672
0.6349315528130439,0.1835476008606699
1.4316766445100948,0.12633130205051896
9.989474341285542,0.06985948923632482
8.292105289462516,-0.032279115717292764
0.15156305688153626,-0.34546026635997107
7.483234898468357,0.8155474545651545
5.534946906311015,0.9247481876851644
3.9074382746289693,0.2631675288194358
0.6385590719568801,0.15405671518749772
1.2629435943435352,0.3902232935533462
8.774824857839041,0.1038311803785028
0.3890501859486939,0.22534806948532102
1.6189230076544214,0.5229826879071715
2.7062590082959126,0.2762247983282715
9.54388314053887,0.18047737709348483
3.867242297904405,0.015006258533021594
0.04800016683591646,0.009921931674534458
8.933938103724838,-0.20835481929582286
1.2254228780296361,0.1927238296941288
4.041593281454171,0.2922864078164586
8.75217745401156,0.11261487310518653
3.5160546459814257,0.3386932636478586
2.5063474323171953,0.02580633001759136
5.909628370486616,1.1088496560199619
6.458086904614653,0.7844626076011411
3.290274268367388,-0.005245029781944716
4.426257086966341,0.33411602518541295
5.991462099317629,1.3091743604502095
6.9182442367177135,0.9818755400695016
4.605061973630297,0.5224776594766248
4.380232858836277,0.18106584876921344
1.4081604037101736,0.4812878627098116
0.6346315844056805,0.14773813793398924
4.7811361689602005,0.6168201537248982
0.0052147146911185605,-0.044228352896275684
5.566091433799031,1.0769718501345176
4.687617081513067,0.18803691894724417
5.956351039511719,1.2741745840319685
9.420522628328852,0.06011122783382095
3.3841756569482087,-0.126218859672523
9.472049894129935,0.0472349871850764
0.7995590535180508,0.194331956720225
2.481330260981174,0.26675991129256404
2.9649262444441407,0.09712723345670282
6.01764097137597,1.2986423603437087
7.746219544938709,0.48288520207898855
3.278699484314327,0.01985577544101813
0.20081563710785844,0.06799374929984642
2.9603529641091164,-0.01994127068390894
3.1883977742333567,0.3186192545029455
5.7530438444011285,1.316675804407645
3.0017370461930195,0.7084851262607872
2.9291041770092274,0.41576993590072786
2.820268306278563,0.4785935331401236
1.2691574564360586,0.41031513820210863
5.303202409310417,1.0517689221457212
7.131181331049612,0.6957340646983434
4.384400575205362,0.4617497397283304
9.525658673201029,-0.34142020397271267
1.923137373261048,0.10476046982505177
6.450267028396691,1.1270661878155102
6.977003122559237,0.8399866766037423
8.946221036453059,0.09660524415146166
7.28941957290529,0.6131570607224521
7.243478890273215,0.0731920620839207
4.134637110838476,0.31542582390428253
8.426788591673711,0.40603583838580626
9.58788642120604,-0.2280449581900274
4.788159389727788,0.5317508578113381
3.412204595649979,0.08891897650153616
5.251395712318981,1.4072760092434775
4.363758583951965,0.6240054969045336
5.003904478941771,0.937375210310589
5.068165958295083,0.5768383809483065
1.6797671382537194,0.49638185823184544
8.002267168631898,0.15947523746799122
5.256879261301872,0.9105514208359543
5.548296899937339,1.29049856176524
8.468957370926795,0.09981117585495988
4.079607344664162,0.42772259651229805
5.526216296723484,1.2983423017072366
1.445292638255432,-0.03478160351967352
6.9256224235242545,0.7849930587837447
1.829523784885717,0.29931154363864754
5.895049656947431,1.2360254151603969
7.158685358085423,0.9254634834350708
6.149554502845645,1.268964585392726
9.69512620458729,0.04286019583140252
9.829549695168886,0.06736141137075913
5.16223315510042,0.6264573170259341
5.859886141500818,1.024665923217085
2.0174317712913115,0.013211539884400825
2.8036555724681222,0.16218815533033032
0.8678366053615594,0.299781804576738
9.286809187978411,-0.23601454725306747
5.07454802294995,0.6415937811173562
1.1015582210947916,0.5195134350403146
1.1190899013612643,0.3081435683072429
3.3807985241835157,0.44929329625912234
4.447035024876293,0.14708757959797938
3.5959451717368287,-0.04862887494299761
9.851821543984235,-0.20379167478396915
9.368155769796251,0.39363281291103114
2.9540877193012727,0.29999743266667805
2.8061094097962194,0.44598147493046936
4.356027743319391,0.38586008967317215
8.3915629365666,-0.0013779242038450684
2.3595497714230804,0.6057978339730404
7.276867271391333,0.622101382856828
1.142430503219941,0.14684000771569874
3.0225807736172428,0.6193009725858889
6.679448412042203,0.9892450265634745
1.986159405252802,0.4187808650388455
1.9859801990909531,-0.0650696315540662
5.381021009274132,1.1299961519341934
2.416735707766613,0.10087161175063131
0.23587980545785814,0.3409397851261198
6.018998609737368,1.1372871429466778
9.990027659300775,0.10215830825346073
7.000236684119053,0.9122423055708138
4.043469960406556,0.3147770760378787
6.381247603489191,0.9503896456820535
2.5645716645361913,0.29749750853701495
5.655030060186343,1.2073626413477108
7.059020535410381,0.8146153785724182
1.340429457599458,0.3177365925672436
1.5248347425489839,0.5549555122213541
5.819167345238395,1.1335718785902422
4.048685584107808,0.3467877285626673
6.013523162711917,0.8670344305816433
3.2490935323829175,0.08990934012846578
0.577163643340104,0.24562921768567592
7.2714369973060355,0.38440833145342845
5.791469037622186,1.0791447002393915
7.02663367844242,0.8733138219920735
3.252455842174462,0.20970093170685472
7.539828964040678,0.2072665759976454
0.1525799802797645,0.0679358033963571
7.076078026597491,0.5756924506494157
2.880487854769914,0.3773307309992497
0.33948460724606333,-0.060654657922532745
1.4126394083685556,0.37840385391278997
5.243140202756813,0.6389760052670168
0.2681091887038234,0.1773146877413339
6.4150545247238515,1.019543184181271
6.233187879289712,1.0601818286946143
1.1814477524841505,0.32246178340657994
7.924105115453193,0.5013450733095159
6.686286489669388,0.8221829985965792
5.565624925615218,0.808243837229266
7.99275867225028,0.0006736380672106579
1.8092590370264283,0.673862381567192
2.4358927705634104,0.16387472511214457
1.3900857580980674,0.3335883533272853
1.4624693033124558,0.43955158328585214
8.322402947365683,0.14651879839389687
4.597018376750128,0.42577040439284203
6.884730032318403,0.8549182605561753
1.9148652602672644,0.07776246842411522
1.560081473369772,0.12752950478876293
3.856354864760453,0.18377516049552833
7.313843083509353,0.3998203547396684
9.197616018014509,0.10641534544569908
6.8153543099202185,0.7885897487504483
6.4569071850048845,1.3471978828293687
0.06159261278629202,-0.0968836369699973
6.912712383596179,1.027707055096277
2.497279949210113,0.1694254949938071
2.1181800937975757,0.4264727859909197
6.5873435038851715,0.9957085543103497
5.049116070335416,0.5377740387719259
9.483179729021954,0.030628647673918204
3.8726704627019757,0.2493292697147182
8.395206447748663,-0.10532921030112194
9.376216194486307,-0.024663485051881893
0.047759515867479285,0.18770800693382927
3.234521996422722,0.0446749697035152
6.442602969694042,1.193964564716242
4.800625537261704,0.7176867863785481
0.7744000529120054,0.2173246045259465
0.5956049177033829,-0.012819776983282266
0.1721230461126455,0.21778650588304632
2.21645278431457,0.2935784466981816
0.6091588761034761,-0.212401641839625
2.193297692237656,0.31023140682989714
4.2255375116331,0.03786247311206431
4.078644628009641,0.2848428348272925
7.309452497172362,0.4973338253522219
7.896863707353029,0.20041072951099048
3.131268239432602,0.18395465068200081
5.076040129401347,0.7192558048436248
9.492989894368893,0.13469114343083194
7.550166969293649,0.2717585126347597
2.770079332978208,0.3034451972444353
1.6213633231984004,0.11372654581836861
3.564321280499928,-0.3683317508751457
2.5109780592371376,0.016270939157773612
0.4718826535666232,0.11536697303048975
3.896246952509613,0.13210325987767108
8.438847557255412,0.33957210383720926
4.431749373990753,0.125585211300793
0.2600699643139681,0.16319294543320717
9.755690454903922,0.20272545277595583
0.006276628485557545,0.2537111996106848
5.619401969004654,1.0188218283135502
4.030924714401012,0.06633712716861556
7.995184196014435,-0.08710909724233576
0.9794039870125271,0.3532611335639751
6.190202576219618,1.2107810546313076
9.253314461677327,0.05606941894114485
8.92268553057313,0.04249386934108604
1.858823306368771,0.38029812609303243
4.315648977370316,0.2511039061783474
6.29271182340731,1.0953672237925054
2.5574736199504953,0.31190784623075263
1.3884517069007785,0.25559783324445184
3.4080070363533843,-0.06867782962049238
6.748368364978194,0.8678226999146762
2.6654064023461324,0.22287777604053094
7.2188356812847925,0.4658426633801649
1.345061362789739,0.40572605655177596
1.502907056691395,0.3720884686150703
3.9541602591444414,0.4912374298812442
9.255663167715966,-0.17943416596731887
6.725153446887703,0.75486603553227
2.0754986212962088,0.17109700409069212
9.045297074850549,0.20023653502131827
4.713730275137312,0.7732832421476558
9.349984023430878,0.06238437364014054
5.109308119302289,0.7163206200729747
1.0824507682439866,0.418612978866551
0.6813377944463328,-0.07782754412983697
9.104153070736416,-0.05357734356292199
5.450391639695197,0.9927181813689987
3.6599483932950294,0.005542772527999035
6.490861485743195,0.8954345684993363
0.36326703759323786,0.0873958382627098
8.596666238950114,0.2651700309416334
9.618768676883747,0.01960063863331964
2.1168037166676723,0.2363018511574928
9.00375783275756,0.14757204021224127
6.9948699176020845,0.47594970314654517
8.469267195280462,-0.1450579648466533
0.17033952542615416,0.2239428506619593
5.502428296928183,1.0868287771825518
5.430154835712956,0.8229463747925441
0.6502582328939666,0.3049057898047161
1.123022340181149,0.3431597101838541
5.511680923372736,1.4009518069052824
1.1875298065074635,0.6329167054935569
2.054027381350112,0.8081613752503463
6.27943107429617,1.075246084212333
8.78247362366005,0.2792053258200888
3.0493456555264475,0.13923185595216817
3.1475609320960753,0.22078602815375026
5.136841515258125,0.9279665297342603
6.73895754858684,0.591870492423838
6.913141193651233,0.741873165152982
8.265548731640248,0.01737599718531478
9.269231967994163,-0.019474419293272566
5.931729089729339,1.363920895707032
3.42419646703362,0.4440656941989255
7.821471469016784,0.23738138724231575
3.727344155003677,0.11750366416525226
9.251232831025145,-0.2479117282748857
8.984253714905362,0.007807605454325369
2.23370143472319,0.35464650862806546
7.733614155471359,0.5922492868672117
8.344013537419057,-0.11241754096610797
3.6364197248888064,0.35307630686213476
2.092102824925682,0.08216530558348045
1.1221034483040948,0.5913546195187578
6.844501495999832,1.0139574574093448
7.094379358994608,0.6262650972479756
0.40566476640287563,0.1404410733319092
5.3881764108519095,1.1020892849917079
8.82743186140449,0.28648658998875365
4.0448809253029125,0.1737013419175133
6.195318624563422,1.045749398662514
1.8403656533672919,0.16688131120752903
8.044839660706472,-0.0668625461388844
8.946029895342368,0.2644160219852105
3.122703683374286,0.32137168009120465
4.1557763250734645,0.4820474033462289
4.116781416407944,0.3736001976193043
5.585079637491635,1.3470544118041199
4.87234842210248,0.7320404510650835
1.65642830534106,0.5065046621613039
3.844903733219489,0.07578229338752808
1.4658381142860832,0.17568203030471577
4.3589638585842,0.5780117746711362
1.5554516882106029,0.3219842512463455
0.13416562066603466,-0.06749566308216236
3.3651005488134853,0.0636445633683278
8.447972883878009,-0.08068757393980391
6.776986711227587,1.0231975543512184
1.1190885513016413,0.5386807422285795
7.523797484843113,0.3867694297148707
4.143190656513197,0.281608541272545
8.752687774905406,-0.29486200767409326
7.145904704807747,0.5415005444238331
0.6413332467657651,0.34714543197750736
8.26266160682036,0.07338820224466178
9.106630334631872,-0.09169142381631981
5.324954934632746,0.9640762231641373
1.9381331311047811,0.44858888905814603
5.161299861767948,0.8585795446207288
3.0613349752936445,-0.33161614768126574
6.476728993895868,0.7677596847303867
0.9651981270108501,0.551970203171228
3.317886375920651,0.09663287507606456
0.5235790444947763,0.25081735097419966
9.923858457665029,-0.029698669866170396
7.004452188675369,0.8040585996988672
4.095963210999793,0.13728501355198952
8.643441931473543,0.11884967570726077
7.626694049041153,0.21172871888702335
3.9989802672828345,0.2026784424414394
2.9363915853891633,0.42053069515842073
7.646640489572563,0.33803412035785513
4.757531257455513,0.7866806087477041
3.1249795266956437,0.6394896291020962
0.8458275220739608,0.33492057010098863
5.869202744712675,1.1889347958950915
0.48377672334412813,-0.020008651810818345
8.931588269859834,0.03932431406551791
8.447427952157188,0.12576968610424283
6.891930202946903,0.5529399972361269
7.819578053595944,0.10564570897477264
1.2337019117366976,0.4940225915083164
8.0750932113944,0.17773825786945083
4.3287782299609745,0.7008504231241517
5.532706957034473,1.2142889859534949
4.9755559099981,0.730758810074283
6.061749805083315,1.6916083193759528
0.39045495210955905,0.2584588419964332
9.573776204612814,0.029844109437271994
4.7544171737313325,0.6473586271121077
1.211097131451544,0.013428240040035566
9.36356246718711,-0.2991434112300033
8.427143937623116,0.3180783351831467
7.70691987918384,0.3792977414056169
8.749702752877822,-0.1379834997220006
8.628247340072159,-0.14317581466797646
7.381760601408699,0.2783996943802632
0.9136776240274114,0.3350311725126619
1.6380559343934675,0.32741206094065767
1.0557480528920904,0.38382532742613107
9.427165994309451,0.07025279056906428
9.40814779895749,0.43231733885841944
1.3343368765812968,0.601429392912002
7.199371491154739,0.5672185949556205
2.326463189193749,0.3124376969813115
9.179046379433773,-0.15763586768724422
3.6412652810327337,0.03479317718589575
7.981486099908761,-0.1310992565189083
1.1739969980144482,0.4291866816610063
4.058893652235817,0.09269190439153577
9.695162388980709,-0.11282057875614358
0.7906794565463804,-0.012641256451917715
9.651038333152668,0.07304925842882637
0.5541043144292535,0.011636504808441223
6.1237085175852926,1.345635497806941
2.6903274878533265,0.12290475906602727
9.677750590842878,0.16026477216748608
6.872811569500169,0.609000484510106
9.46680756916272,-0.3068456195648242
0.44257797793839426,-0.0662297102375185
1.8180452214291776,-0.06376746824216756
4.819541354904461,0.5966622902127247
3.09537292035609,0.31983452377336985
7.398836831324479,0.3740866550056826
9.215893828544633,0.2719719887680065
6.968833028547876,0.9199180329779297
5.65049333773448,1.097195262823595
3.632556401325809,0.40373582954703924
5.1237871266707025,0.6018252166343356
6.455582576904159,1.2067718216354284
4.742500227377401,0.6567885658946435
5.418026520038809,1.0587047806466203
4.972624364022505,0.7634727896889886
3.7556207192819766,-0.21589844331397068
8.391585962903966,0.21047399600687178
2.541247228445933,0.49044537369635544
8.553903943218737,0.22763595491664168
8.843268110452321,-0.11629185673638767
6.639012738237038,0.8541255493672995
9.058660040815727,0.03080388157913099
9.43058762323575,0.07449383397640288
2.681567695526547,0.48239890064927876
2.1930207872663954,0.1953180107528445
1.2925604385750122,0.0065274288718979445
4.672791340091342,0.30871726645443687
2.6003432592431377,0.681930247353031
0.45442556147642366,0.3971677105541718
4.584422317120937,0.22200193306998123
7.297922218578733,0.9350811549447396
0.4144589679700128,0.18525444930039586
6.3704643548502835,1.1586084584231404
7.742404670940769,-0.11031846395742789
6.415810913459038,0.6257819210594238
9.777529254551922,0.10240691196357948
5.440794792573981,0.923236868206547
3.1633492066426996,0.013880424052199386
2.5279626136009337,0.2677350946254021
6.688995470809549,0.8123363960982227
1.6107603336045107,0.4903226954918217
7.405162041588676,0.5152978627030619
9.011385226338758,-0.09596659073896299
6.819971302124504,1.351943654777135
2.6122364483487615,0.3300410709167919
1.8319715156160743,0.6594326204377736
7.7183824103649945,0.4785942224989492
4.267849099390504,0.1128253859445385
1.42377190075343,0.3069591406800184
7.747591915291988,0.25112733837514306
0.3178524613650713,0.074147068601236
3.5328387002075234,0.44109548578695124
6.138529432215626,1.3071848930662895
3.8179975965992554,0.3059060630745898
3.1920558134497714,0.08578934659714516
2.506385240068072,0.4203729467238239
3.2349759456466707,0.44503992302114787
2.9825736874039266,-0.0631224336182652
5.021601924945608,0.8004194529720752
3.8127797328484037,0.16621311611954695
6.298151987155023,1.1752723935797504
4.125478568207278,0.057639274754626546
1.3631973422621435,0.4404569651080006
9.175108537803151,-0.06927339348417667
5.596511665121247,1.4789496186099922
1.2241219009536786,0.3339200907791283
6.384599636873167,1.0269922144028254
3.8135313794918355,0.28816420886563754
7.091148164542772,0.5518974664289018
0.5881557298742046,0.4663716448138937
9.639668792759661,0.2619924532993103
7.79807245892345,0.2490279578498651
4.969248767338062,0.9434226509591322
7.5105344716339415,0.28488593663073
3.202759377792712,0.45213070883934714
9.651116995371007,-0.091489507094528
6.6444508320752345,1.1508762120032687
1.8978599785168582,0.5855761732320066
9.627576774799575,0.17082853144494792
3.0362428294353307,0.42642267189454314
0.5139255126947828,0.013445734251589653
6.9715860406471855,0.6290417456836555
8.240089373455747,0.4943910078575929
8.67406370063668,-0.08756261651646402
7.148074696923389,0.9401350893486756
0.34578273309080254,0.3459759146224526
8.058843817078959,0.46553654901881736
5.21408578870446,1.165279453225951
8.970900543716363,0.07527006837904195
3.7668416099067104,0.5054309818688772
5.297946096207453,0.9297448224674043
7.209054904570083,0.5955811792349184
0.40388621149636816,0.1220416320575885
5.415343160904643,1.5209422330184523
0.5936138369602773,-0.053685160952172406
4.043770197484734,0.31643835628549855
1.227250740297715,0.47206046394988044
3.9470872222361497,0.15734188811552946
3.97464196617599,0.6028370190159356
4.871828035735963,0.8525037160691803
2.6857541648554237,-0.044948454449983466
5.140059181753433,1.0876621637291661
7.48899457374737,0.5852239725956037
4.145413619823991,0.15708667962239342
3.3360415460333535,-0.18581372796633655
7.169899842331007,0.763044097111351
0.08650936303326695,0.1923038207288324
5.0331175830924435,0.8282297106276283
5.907710253673136,0.7716920474148037
7.8060011806804575,0.2565531450630174
1.9619688723680295,-0.10764484195958784
3.4150019604540924,-0.031974198314916547
7.447667040380928,0.5276250232205162
9.767344818018998,0.4438345752122244
9.958605308929066,-0.2763751555854635
3.8396371175149415,-0.3016376121025854
9.080483645669354,-0.3801921150945356
2.197478749925769,0.3466683549701429
9.014226220169373,0.07392097746229159
6.749175013936006,0.744788104752593
6.076622417753014,1.0542659346212861
1.8484180697012176,0.5390294826474546
2.903659752535086,0.4344858768181027
6.525455999889341,1.2050220090354216
1.1870749689899884,0.35509919320460953
5.146036897311753,0.9739249973298515
4.493733348826771,0.5158156217492578
6.705473526082871,1.6082359069578518
8.491772745440748,-0.18636209453649455
8.933992087812,-0.16445273476428676
0.8688908283448915,0.3258710169378067
5.837475359617685,1.0727747373393597
6.593833964342755,1.2652043942237075
3.1888816494784136,0.11596638673623977
7.740866467757823,0.43287819806417926
1.7549127338672432,0.13241476327929286
3.004493806384445,0.2758563775966804
9.970141157815892,0.06664968767309348
9.24389227945333,0.1242083786118338
2.3474021365886113,0.2937212500139132
0.81044607377181,0.1968209144681978
5.818593002071656,1.0327809358516935
8.389814899392444,-0.024778105114839202
4.696332468415962,0.7374510418581296
9.353545609468302,0.08257251025094631
1.906684842821228,0.2296480599547159
2.366056612557079,0.5041896706661652
0.4145063345452449,0.09011316423663138
6.218471806739525,1.2240586145383336
4.617460120053243,0.1228760837914471
3.4791509498882034,0.06410928108594777
3.3298931198926587,0.1590577765938467
3.6604105758709338,0.2143159177244741
5.523766140324726,0.7594831662575324
1.2157496794532352,0.6916995627548586
9.125813542945043,-0.14385694454457157
2.5584942262295507,0.4835019156860319
4.02125327192825,0.4016636020460055
3.9035180100743028,0.3548565885975951
1.6707672045341737,0.520313687600104
1.5659064008513424,0.28753197577416617
6.2648531916086645,1.1355388275848153
0.754961074715238,0.2554746383017205
8.250094602603518,0.022845868075722614
3.2026197108590204,0.22084746441084047
9.934396990805062,-0.20343339949063566
7.67706693838314,0.1930222607775151
5.021587254666326,1.0092703003035948
0.4438368045523444,0.13227093876679846
1.754821745200974,0.5126138960387187
1.2173290198810582,0.5329611522546098
0.975802343397697,-0.02404303378048439
0.7460689419655631,-0.12580982082499712
5.401543424742591,0.7532345247642882
3.3295408441046037,0.21353490574839798
3.328554856390622,0.23181876360229434
0.46147394824089916,0.12512996523060557
0.558949352649617,0.28626137713229305
7.721863996131737,0.2723802726578436
8.705012742544143,-0.12569724477740374
2.2149750765967715,-0.004164923252417685
1.1291611144132951,0.42578828360423154
1.3928924837851775,0.19792307228762512
1.0724977180035933,0.2461646369489351
6.487019722427052,0.7627168055146517
7.866554183825706,0.030992845322507095
6.600495141991681,0.8718605712052747
5.29519645057545,0.9971257226133067
0.08042044769572598,-0.027031870320389284
5.604456766633384,0.7998514804968935
9.810388647692731,-0.06807197126146969
7.239420567360403,0.5769792471698358
8.154556085030405,-0.06287545658173972
0.9283261467299009,0.5596899109095383
2.3842752447755657,0.568658157633714
2.635891115492246,0.3403897899708881
4.257591545515016,0.3188760194075069
0.9907180055401987,0.11685638390252714
2.9979934455349033,0.5006562355541582
9.14643303394288,0.23285777058635718
1.7333847805523128,0.31848262556659235
7.48748947328518,0.6421802325914361
5.5876816252883295,1.376930519004769
7.5483228506440545,0.38963040319559156
9.200716136985971,0.227950836503319
1.4188515850685934,0.191089563041369
8.709812517746116,0.0783114761756325
8.966505966071255,0.15381128627907764
1.3836552207858988,0.48201248143987835
8.997576767510056,-0.05958834960930863
9.12910075265602,-0.17818025859745315
5.171058275186402,0.884518352704868
7.355106130973571,0.8193996151386322
1.7351684849272409,0.5498442762439808
5.489881177816721,1.2140296233038146
4.961713216128495,1.3469579367383298
8.553578434130005,0.08197722953592015
6.83787393034649,1.1667412583685923
3.9866002911079788,0.40453069730266356
0.9306611191158343,0.000596245050276889
9.698045582924157,0.35625861162405603
6.736627761468384,0.6527983365308415
4.4071697441296696,0.645754585822961
0.20929478207994956,0.08734502719717722
4.654668230783262,0.687039104357235
0.25074478573395287,-0.32603260186082456
7.870349254639332,0.327850997301552
5.552485764632689,1.2402100158616793
1.452262016775413,0.7143496084575055
9.121738372879715,-0.09593771366934341
5.949062814034864,1.031368325574805
6.9938860400538445,0.651931505829496
1.513891558019731,0.524427433981394
4.980852809575689,0.41060236296867675
0.15408997911592337,0.12421545421233707
2.4451045043847452,0.32127061060307527
8.543212246599913,-0.11332465063917249
8.107708370830457,0.29605863456144654
8.469279173122603,0.13787747775170894
8.055329323389607,0.39857329688824494
9.877186821879505,0.01983318864655756
6.339056817968394,1.1825333945478527
1.0502508958196377,0.11584935669194543
0.7779732424357866,0.2136155286463277
3.405071071387452,0.19565233929262435
7.3670809523090375,0.5263929299371872
3.7580414223923886,0.19751696498579274
8.597513886259572,-0.10993740676939544
3.538333176551128,-0.0806179849150257
9.98497463849745,-0.26335961889556697
8.582759686523701,0.2147858968817012
9.759126836534547,0.2595395183015755
7.8641243891527015,0.5949935973724421
0.41839836038781053,0.25613588761635847
4.89101094499606,0.5002250738914985
8.79617093462692,0.0010256911321466083
1.5073424894565113,0.444798480078616
9.790674222953541,-0.24672297308359376
6.960438732776053,1.0646270898374426
8.45547256389104,-0.01243176431109036
9.648332996898443,-0.29132325537338555
9.627209532540126,0.4241317783716362
1.395109479600335,0.8737668259767737
6.743611298019619,1.0325870460624345
0.06046884674946296,-0.19689069832906664
6.551348244592441,0.8363955410977514
8.585034048657612,-0.15515209677353442
9.591812033774104,-0.0697055257547602
9.761068384291558,0.5208886900950637
8.322898281635085,-0.1306004328125304
7.593573188845614,0.2589615348031865
4.596588076714823,0.49212184689806604
6.178247997952015,1.4116478754419959
1.6726709304120535,0.3655074800401175
5.8469406625733935,1.1418584359288735
8.98078517887088,-0.3048907956668005
7.2782024953883955,0.3212253513179383
0.3504423606636553,-0.20199634999981514
3.789781124277345,-0.03579763628696783
1.229315815281301,0.012833402870784494
9.381259447826501,0.2594194312365379
7.251851449161021,0.9597992092102586
5.022330377288822,0.6408540276502956
9.41959853139884,0.17166052857088648
8.921239433420453,-0.17221569658966224
4.149441887824245,0.4362401340774137
4.16548051600397,0.2943146135290928
4.101881932756362,0.09417179093780365
3.997224210914344,0.3961695431250862
8.203262683620512,0.3173981999880901
0.05964286730676727,0.2684186339191838
7.808084966184225,0.34343228126802555
9.257587015317364,-0.4170633907555983
2.4637187707364863,0.10065223003104584
0.6412571369859899,0.1335332885066876
8.238339872370808,-0.25740215816643375
9.09261919277,-0.39195916018036864
8.096733797685603,0.0325955926270098
5.990585626350108,1.3262867607309958
0.2942807828855998,0.1642354726310692
6.937377854207675,0.9167276595342618
0.5383202692567979,-0.051871251792722145
3.607053304011685,0.1978160499965475
3.366828050460824,0.06754814730666547
8.144542024022188,-0.0056127058348390685
8.220556396196743,0.2482477105757247
0.9683212849643197,0.2600796655758255
3.7950460955568666,-0.003913803980664987
5.734751507702002,1.4984997346334492
0.9054453223829306,0.07564803387122587
9.324643975191343,0.2911230788718469
5.62028896016948,1.2197717543243414
8.312954033027074,0.17582085250928897
4.120792024028679,0.16249392071707547
3.2324490913590367,0.14068461276300004
7.805948072273203,-0.1048400454721862
2.829297533592392,0.4144870729490652
9.768109600848915,-0.029757994836958433
0.8971617843555946,0.20584218207847624
7.370290080945409,0.33132110407546655
3.2695870208638347,0.13954966829646587
4.359167725570927,0.34230313369935683
5.204173421502172,0.6830868488920951
1.8220620833614598,0.23273823674159957
7.754082464586697,0.39879534485956925
7.811058409932042,0.7282473739632171
7.238063106230391,0.6091755197886333
5.818955818959903,1.237054258843511
2.6957171011494454,0.2735204139493247
4.4839177213394,0.11496819972355737
9.146491867434452,0.12226721369282727
0.30558472890117816,0.42329127629175584
5.522383879279759,0.6570504881888249
7.7365209911092325,0.07377425129228482
3.1381297817875686,0.01603089089309337
1.8226987682762819,0.5083089244102417
5.419573507305628,0.8993639693250927
7.4007026456158265,0.17010199965667433
7.6408640743546785,0.492604646741696
7.528413263499376,0.29167935433925624
1.9731891516926126,0.5025969058843295
4.021381529978,0.12832294546477832
6.268249408917957,1.2288226406490321
0.5787458875788887,-0.10079898977077964
5.05191286194283,0.9503451682613397
0.7264183091272514,0.1874889184684413
3.7893319777556034,-0.11147766304639914
5.767088175493502,1.2174251387011754
8.248016824553696,0.28042863869591494
3.0588778761429536,0.4459403606101206
5.037373400518819,0.5718693258487335
3.17918070129082,0.21202875305708124
7.7500842545037605,0.2927472389800609
0.1404186265862306,0.041038711380441864
8.840275525932494,0.1505209504855608
0.9271820283293741,0.3529049644056925
8.138904851392745,-0.044207194949005046
3.5921040838963956,-0.10322372798995638
7.504063296112075,0.476342957413406
9.127591251428722,0.13222999576116798
1.4650039933476078,0.44992371490703353
3.351349836345646,0.3257801919773627
7.350774600220953,0.648102962091
5.003218159866785,0.6033541638667597
2.9098514895244545,0.0986207434168046
1.2216281082501512,0.09254247847366268
7.785501012282562,0.21462439429797978
8.396018475383393,-0.3351806083819351
2.3716442619146125,0.32057257817935747
6.684218070842639,0.6522952330135161
4.523936604859947,0.4643139756522555
3.3684985212647014,-0.32864005048730216
4.185865483497052,0.5000495404254367
8.128166297402647,0.3351944647905788
0.889098945482919,0.05692349404042066
4.188075049762578,0.4559616609957624
1.4034052660756013,0.3314157862934353
0.4684336903302655,0.2115413147242427
3.4645652094104884,0.1291590883259954
8.043975637567426,-0.1215868229271426
3.6766798948014614,0.39268490825921687
9.740856481881135,-0.04535960242993601
0.5551961047646548,0.21978041181575586
2.4838850483446597,0.6642131370914548
3.588661356537518,0.12767445648658504
0.36549304296655927,0.31389924252343004
0.12715029949975087,-0.008975336041219181
1.5459865732157108,0.367606280104842
6.927351059135731,0.8123242873477017
4.559634787381219,0.4387188995170806
7.074679788854547,0.8444937340116705
5.7443327901235985,1.3375569402471528
6.90879169279359,0.5203769299571289
2.0965673707937804,0.38955408697290517
1.7810182888671877,0.31993081429792725
1.6575065910241926,0.41161825820131615
0.12947107004205316,-0.28478883357481544
3.4150400239857515,0.6162911651114329
0.7379613835184706,-0.031254018413448714
9.225768139640472,0.06418098348526724
6.391329068432149,1.1083318818721197
5.709233955442689,1.2354276119311465
4.826761673844425,0.6014183510731533
8.787827258319766,0.3256334842831852
4.536305283996821,0.6291340419997626
5.11452591241496,0.483554887543822
8.428644775850277,-0.03703515512727544
5.412945299972906,0.9268096067267592
3.6636919760060174,-0.004396691263897329
5.330644206955485,1.090576425744349
5.580456687597078,0.8163072654608554
9.66502171755147,0.15858466126429338
2.5342999502915142,0.43800415335591253
7.307306011170823,0.6045004286597593
4.75363013634653,0.4930019266542988
4.2091185577579555,0.25525842777725916
5.270249344276081,0.3657884485882231
5.057327209004248,0.40025980962577595
6.873706310733747,0.9977174899645191
2.26015494398657,0.31971755535312074
5.801103198889361,1.5670493988845664
0.47305412232092503,0.19534172360113042
8.679885945236576,0.2122404955291015
9.862020243152699,-0.03285775614037876
2.450293234892661,0.6688210954927425
3.410892522419451,0.23631159483821634
4.033252212004113,0.29860015914387766
8.289373028762482,0.13935616971631554
6.979097620875753,0.8653899490789294
5.472453288193768,0.890532890423239
4.880622398433973,0.6168912702336391
7.208463209880098,0.9111824927196185
5.889623314643041,1.254357009829073
0.9448836124740978,0.143438012364098
4.104381196827792,0.2950885596098951
0.48305257866078644,0.11811098633034847
3.089584988445443,0.04468102215810782
1.0792657607606937,0.40921853732027097
4.193820720828198,0.20481562018099786
0.45675608563784387,0.22430239060395177
7.088501753849497,0.8837065083191006
7.923393424332876,0.21695147922278818
7.731422551077058,0.29997538088647135
7.537703598969721,0.20554490050840307
2.5753313333701886,0.3793613447336811
8.413154521067867,-0.06504847401930838
8.385042473288024,0.32098414398709607
5.656928463198623,1.2211743314911945
7.992780391269109,-0.12842415354070816
9.00714472311046,0.046159384550550256
2.172342083594315,0.12589518773191055
5.403782216349578,1.3087617207602655
0.9682232675088198,0.13873287395260528
6.390494752282596,0.9376530382492962
1.281197052996057,0.3710963130911398
2.1497158320346688,0.4097669053775193
9.597662510893484,-0.12885791631083662
4.271626894946402,0.14980434623732367
3.968462538967649,0.2004246407817949
6.7098544325941925,0.9228104088839882
5.788514708140332,1.102033021621202
3.4621059164159385,0.09364413929452964
3.3886291403658286,0.26970778002943663
7.983294035639301,0.24198920706466837
2.493239490841553,0.15728069536131356
2.1305430834589667,0.6844706653536463
1.2790020920521028,0.39919267361842214
9.936133844924928,0.14541891730540438
8.13198249512084,0.24107307231456793
3.5743118916747685,0.230416000483813
3.1986244343868298,0.10256339364285294
7.727175037091806,0.8112569318219209
5.081470852995961,1.030574592328245
4.878099336725096,1.0532596305310395
8.777762651861458,-0.05517279287830455
6.892548598785602,0.720608440451541
5.5065622890255135,1.2948146699344387
3.9197215413192765,-0.15544378941403153
7.294102336741938,0.48100434273938114
2.910090950682873,0.14683706713795802
8.394176216010313,-0.1634534987752064
0.2059254572381597,0.39266016763649697
9.450418825982833,-0.14772103017929547
9.688205230423364,-0.11945698088171494
1.5852073352465867,-0.14147182958123133
3.4676438890023653,0.5656520539635077
3.108601276551981,0.4885387868427918
7.538976000177529,0.4816857513051755
7.587251512815689,0.41721629985601033
4.519145700093501,0.3271803144770935
5.787924249476006,1.6878260916062373
8.253406319715644,0.16725592928338917
6.392277410467148,1.0858861152260046
4.195199131848098,0.18753511863180233
2.243779400309033,0.24331809309311128
8.545442704880497,-0.021303487123659967
7.413228018517879,0.6940071375377108
7.944306239673411,0.39604150899908463
4.31817814889988,0.04992709647478455
0.06809092965476049,0.12138598404641904
1.5419144408020868,0.6498945856553944
2.839987077474808,0.34954950771310644
3.2556619465690053,0.11140160790398249
9.740898896447549,0.3018126122227582
0.44372145380739525,0.44662895299105765
1.356548684217187,0.32762618709911145
3.009007693794766,0.5439672833528311
6.468710440014297,0.7623194014212076
6.775898538992671,1.1252376954073307
6.822645510554954,0.5281570159023585
0.23832434214935083,0.015132600742406327
0.10773887023636242,0.6471684980231046
2.1663888557454793,0.6547186560531795
6.483387300912505,1.0380417076038064
0.49150895157261565,0.40611224747698005
8.434022128078185,0.3870858510000011
7.638906455231461,0.3874003848000712
4.445089218977854,0.24342017550424794
9.729175954293993,-0.22712523533853632
9.023611472509014,-0.2288934039610585
0.9820155457219959,0.2780774798688917
1.3781496858066578,0.4191859201228996
7.393668127029902,0.3308194210140602
1.9412152403033889,0.4620452399417144
8.263346538756265,-0.025921231048889548
2.209220526059712,0.4733330948785091
1.9912193157063773,0.18358256660888478
7.27457924240759,0.603086967844957
5.838126765897488,1.2789124704796457
8.413646319148915,0.20465366253086348
4.405093676727992,0.30668652874868546
4.7007427134914,0.4776798673440176
0.0372941584364872,0.037685448352576784
6.53403569386702,1.39011217329912
4.313168809810764,0.3987168154441682
8.37069081697813,0.17666648052302683
4.626312303857203,0.34788264075932873
6.424161622998136,1.0631439371458025
8.59411193833609,0.32346289773062764
3.3638003440327804,0.3472033906767924
9.949234428272938,-0.1392755202730519
2.1311754447148923,0.1448170573133436
6.093998159419726,1.160599689333971
1.3870791909674074,0.14288250637612074
3.024007482888317,0.2826884111872866
6.243061066291116,1.431218428594737
7.734147702657189,0.2085119852017584
4.858675961213498,0.9478959203072026
9.543714248398983,-0.06898884669208954
6.959855651566633,0.730455474456897
9.701433421926893,0.39508811489909
5.160498391641108,0.9450455180123853
8.728318573528416,-0.10289380596548098
9.323978710743372,0.209489046681251
9.17380826039893,0.04543246186336656
9.08205654386361,-0.02335295263195604
7.247180734600942,0.842758069194441
2.4060535576688036,0.4153091709316236
0.37390217481532817,0.458717080954956
5.035423308241645,0.915608789691963
9.695290915733128,-0.1593040024461485
0.6635571415252428,0.5192353209559428
3.6409624932960085,0.4395616856447148
1.4642278425441335,0.34264341618196575
7.405055074483301,0.12532267675751974
8.7632816619185,0.2545663854490821
2.4649166672290557,0.5177780514237695
0.23256346209649892,0.16438769164681244
3.598978774409274,0.17931336658101546
4.317084972020656,0.08042595973994823
5.969539850256204,1.3428110506914073
7.2263457409737,0.4435899763042469
8.89667278542736,-0.15929986011503341
7.772835150251634,0.36607523286308724
5.395220105623717,0.8512934010118264
4.615202335125438,0.25127367125128736
5.294176108112019,1.076960524773689
2.912721800103426,0.16167527482242378
7.677229154558552,0.22027799201824227
9.993121804652805,0.07572249696110492
5.535314596108539,0.9582699622815702
4.576008801464741,0.25009202635197
7.865166093052984,0.24088894872036865
8.535446700441131,-0.12834172586231446
2.4374780232922633,0.48903168786484114
0.15213887759011557,0.09718716175522438
3.334570260507652,0.010618854180543813
1.0360615676447626,0.3401038078916997
0.9960153398523852,0.12717735666628968
9.508923767782404,-0.09374961580525869
5.623132687756462,1.3258852980626907
7.6904083432881984,0.2634811895563789
6.397941130316072,1.0162971056505836
7.9260464921686875,0.15133918004429733
2.1582343991559885,0.4825249659598497
2.72822495661985,0.1459474570977621
6.91060477088337,0.7024480298581444
2.0262682906827045,0.3341448669440086
4.39742378266634,0.2792791931539756
4.711996909906764,0.6099801605444312
4.728502410465553,0.7265223919532556
9.840954586270232,-0.15629947249594628
8.511651034949013,-0.026124621825375817
7.729943960818085,0.5028720225019907
4.819738859739315,0.6222899186875971
6.413540133319389,1.0022114333083871
7.716625811778087,0.2448071760977081
3.6299304715158187,0.32075476426505634
5.4356253167096655,0.9761189089865787
7.478267153357776,0.1310931966139558
7.392569082357006,0.5224766971759793
2.146890656973277,0.5189167978552178
9.792012638441202,0.07474393231295964
3.444853315409052,0.2863685255427413
4.6149952679896655,0.4052337641717636
1.9481320251155898,0.1712340861743624
4.8543596272738645,0.6374005737250952
6.100472310269323,1.1211669701752651
7.642257046550583,0.2540664354280033
4.46635168249121,0.2823386938261321
9.611309121518568,0.07784794196017551
9.224522368517418,0.1983369460917273
0.07967498131251638,-0.230456389384527
3.6214751064841986,0.23090088314724241
2.360289220211935,0.23429059016729828
0.9686015253228641,-0.0338013761787809
9.218362252473241,0.038666964891807924
2.4146940437109974,0.9158834194361098
9.19339478351664,0.03025293057997463
2.7289334060432524,-0.04103298393654331
3.957733726513124,0.07665603973517293
5.875531016641659,1.1264540273399466
3.7351989658298046,0.4278693979713928
7.5372202114386795,0.6026484606158231
3.0757708020802186,-0.1336318835977955
5.3284399754207366,0.682050298403803
2.380533682750018,0.6257767788429704
0.2160861979912998,0.3061176019062947
1.8689300704306344,0.4423273253617048
5.322886727050504,0.8189667706189944
0.6106318169059632,0.05517358744550485
8.433646859193797,0.007225706708245398
5.588196701003138,0.9287380550234837
0.07499996767669659,-0.15424504755576854
0.05376058430705877,0.17588589563677215
5.405945264109043,1.0927106594091618
3.6606017471351437,0.3894299000276278
8.806735886734355,0.27649970338973595
1.6842931073679446,0.2332183327147441
9.53367074346554,-0.005146826329668874
0.34055617126874993,0.09226770640707971
6.14949419396006,0.8621459657878068
4.1618612454818535,0.47565281983794017
2.0850756502029255,0.3308916165810901
5.2626139746661895,1.1165690618403152
8.302541775131283,0.04185056289994617
7.218064577792864,0.5770577607650698
8.801715410774825,0.103405556484719
3.4397271888971614,0.1774068647919784
7.208352597532926,0.5582929832725516
9.267627655684391,-0.07055842681070217
0.8113435305345573,0.14634095703378802
0.2753467654542141,0.02052694943900131
0.369806370943061,0.38413266801809376
0.3565735663638592,0.13578748070253177
2.08903426524654,0.5030810407514396
7.33672154853333,0.3756518705272409
6.141572585364372,1.0892218381576555
7.619807984777898,0.3584972127842859
6.362394577792838,1.2465746605817798
3.7833084906271597,0.18939100205034934
9.592867112731987,-0.17755621691376738
2.744881325516535,0.3309369840085259
0.09479257764427595,-0.048913764962622605
9.600933490941445,-0.007928655149078073
8.759003786509691,0.4583217632706516
0.7654568517690963,0.2752266845885435
0.09087257458759823,0.16741527683727495
9.945934159965987,-0.16321144463777384
7.552627571914872,0.327254159185649
3.8265160640071083,0.2110954835145607
8.108801298206542,0.4199843913267395
0.25449768017424046,0.1364131734997564
8.33518017749579,-0.10881466787767138
4.274996245432501,0.15874609613508373
2.6589607043221664,0.45077507922167787
5.237948181315433,0.7515405328565693
9.68097118663913,0.19899905246292873
7.986108977320629,-0.15077745175669738
2.495892949377103,0.40554467693144375
4.327320599205267,0.24427124121574187
9.135853319621749,0.03822388554813852
2.2452214630382095,-0.09460563020088658
4.702255627086348,0.6049882259938159
9.816986768416902,0.11966492696434862
2.2759653255454424,0.3543695461992409
8.200053898387864,0.26034313106946894
0.19932892488150666,0.3940724083898291
1.4739215381897197,0.21959767333655608
3.9402799296585576,0.130236600606996
8.93836373366267,0.36944830305145626
8.218465707440263,0.22130239742593188
9.921052377712362,0.22452716007032142
4.1469334806108735,-0.16142443839065124
1.36635742318453,-0.04344966918042387
7.2120992813705325,0.7156117228398468
2.7982554516676714,0.3844561558543558
6.204179244622615,0.7864776507389494
1.1877772133691722,0.25101528894472586
0.4339906016452355,0.084639068042452
9.126997205165658,0.1682267427022432
0.6522056556437139,-0.10157048713195135
7.661658714766407,0.04155560355073318
5.037504625199654,0.6368722147373465
7.365525143071449,0.7864863692599227
5.02284480034608,0.6824131189124842
0.9274453551505946,0.10571919184355791
7.2360332821199815,0.40521910662768557
2.86469104644133,0.46953763296674433
7.897969634119159,0.6243121155526768
7.365139870840121,0.44609040645639897
9.107845369720046,-0.0824622396232189
5.208332145603335,0.8479647814774328
1.1158574251099351,0.0932619851541095
2.199730383034648,0.23227928375457962
8.9174163841195,-0.14798587523285037
6.695430157759535,1.0754037685002922
3.573126509743375,0.3837988298545515
2.7532361543714625,0.29491847800140464
1.0293123442090135,0.6664309301267499
2.1912896077424957,0.21513510473977562
3.8444773046374827,-0.011957447253729964
0.313424310588567,0.2831170914010982
7.499133471496414,0.22298762296312974
9.442271133473515,0.15321546299209443
1.5236012872381766,0.11775457007354978
0.25672310391943287,0.18469993717621458
5.814815758591761,1.2605957899428022
6.62746192400019,0.7023558213366614
6.024815729633724,1.066663229078405
1.436751010600441,0.260685408332193
9.581018587960845,-0.33345692450660214
1.2368943288128609,0.4437218844228049
0.4617873574788578,-0.07707552054425508
0.6545034113270076,0.11814116248115808
2.678476534280838,0.3387264877326149
4.790632485014125,0.8653476322750085
0.7257421825929955,0.26699036306701474
2.8513176407997776,0.7746670000422589
0.9651381634264267,0.2719724089644278
1.5016889526910737,0.23909146600992223
5.978852349117395,0.8799254443472184
1.1756517821212698,0.39471948563767534
0.10143180343126446,-0.0715509412903699
5.324677225048498,0.7345016791865772
2.343356906324815,0.3447872200842105
6.106121609189604,1.1271522104881435
7.421086747299563,0.7286468213299149
4.175261018482122,0.16710940412577235
3.319242929640167,0.23562428803967542
8.335790504120933,-0.1447181707432935
1.564725231130648,0.4717210261856899
0.32996617909420767,-0.2277125906560486
1.4574469765056752,0.21942691841622614
5.474634415984934,0.8662672833179749
0.22476955429578394,-0.17976541449424166
1.210715152038202,0.6131604080029425
2.8950599145583276,0.6692573753007471
1.5842962466237576,0.08324163668520135
3.477009688115965,0.016883751432086702
3.9697262834809077,0.051248119003663606
7.951664349405998,0.11184321040049525
4.971642877279955,1.0772336249599896
4.217642771227352,0.45256096708966226
7.938698643490209,0.4793867849646
2.0284881857024297,0.7950184803760554
3.5204273874367873,-0.21983544356392698
2.2005233048711794,0.2586098346891787
7.506864387450422,0.2025419091496803
1.2696948307494438,0.16697498076239536
4.9011941989324885,0.7140293110597857
9.062606021097999,-0.005520835320885173
7.844096735516509,0.002552562661446406
8.55770446130319,-0.15958016639778963
1.8412643361320924,0.5077621691689371
5.212710387757836,1.2233802952571096
7.486991749270457,0.13257423635377202
6.3520448892806725,1.0577307561717622
5.6819847680014455,1.2928823008922934
3.1496728002118415,0.5260301481165564
6.678054477063181,0.885790181872836
6.336668860613038,0.9687194481534306
6.188012564906847,1.3462155951117514
5.728075832615341,1.180998902310006
1.9964267935797708,0.4990813239293117
0.5515000317203178,-0.061756192525838305
9.167559501768721,0.06560457120762583
1.7910046576653282,0.27918013675915077
4.847715828641457,0.4398980709655652
0.3759769532040447,-0.15340422123507946
6.819848880826057,1.1550551807001341
4.27571279832947,0.10422849159632847
7.48471539662937,0.32461971252915983
8.29943120247448,0.3806898420799698
3.2659323150352773,0.16650395985633396
3.156541212158115,0.49130156018305393
1.7792807818434486,0.4959300625071701
8.89794362227173,-0.0687731406860076
2.40341441326535,0.44373946242363616
0.987518785388114,0.18141899329125127
0.2469482894869779,0.10992564468443058
1.2131553835444442,0.36956306677203626
3.416642152064515,0.183301186758791
0.5945984779714553,0.28904867478150026
3.6938403253728835,0.23072368563659973
5.59949740484612,0.9229281260757594
4.384359295374028,0.20497648550258588
3.6640062656070906,0.23353465576205132
0.9315264949993685,0.050015556260549876
5.905150914236343,1.0981423904241339
4.784053287334894,0.5922253151847746
0.40759211113299054,0.3806939197459934
0.5117320443614071,0.11521634471087541
5.629588439970455,1.4788512120782664
0.502588237709779,0.1420536168505574
2.809946595042423,0.00179987561574102
9.624794451579637,-0.15233383350980298
4.509690732364904,0.5470315046803041
8.24906162706538,0.23972293051341703
5.120073627880424,0.7389454601967067
3.0956477836905316,-0.13363587739008922
0.2937817710609236,-0.0023217617407587515
1.1951675651325988,0.27971374600829274
3.2855195206469476,-0.09501177985308262
7.459947411351308,0.5240333381079151
0.5326034330982687,0.35681667641709003
5.927298659004659,1.262147375100461
0.7220380107596891,0.4166009192745883
7.570563942901475,0.3527642688539489
1.746227392601054,0.4583048550189585
9.946876412328445,0.2580123103890199
6.2302692743593235,1.227847601912068
5.752875053141713,1.3533264252086719
8.584004538168578,-0.004599722957359477
2.825703837592136,-0.010405153414122459
8.912635315172023,-0.2672725461595527
3.10742287168254,0.23588850182970839
5.351632156187089,0.8732348729404533
1.45907601389481,0.10690406520360946
9.063802574706571,0.3897651096151305
7.857229659818841,0.5085177679461572
9.460355109636497,-0.11984333429416927
5.7770898390023016,1.4118137270099091
7.799923346792515,0.36166766303852005
2.9252496991280816,0.2752251053306101
3.3132765633950467,0.3939489297904095
9.918089179998685,-0.032510857486996066
4.623828029508532,0.5094059617538741
1.6664343314531649,0.4900559259553938
3.1418705025619476,0.03371595349802661
3.64748583942165,0.04426783344557042
1.770216659759285,0.5410429011755613
3.65803089362029,0.41789891499623666
2.3532997796330415,0.3081069835366237
4.927107685186646,0.8447268351687562
9.748248447565123,-0.1871430049506304
9.363585172791543,0.24636013468178622
7.718480617596933,-0.064060835895561
5.54548320714636,1.3376119021663282
6.387762049159608,1.4016164433942035
9.506462361865836,0.19775074450558566
1.523168593665597,0.3437027208063053
7.972952832865047,0.3811328701096929
0.9407384035671607,0.423790995286794
1.4565138859603355,0.3778282242606644
1.4896714307591963,0.48780518472326106
3.3895402627752125,0.08768014512229716
9.901032654209315,-0.04276664351844486
1.0188647407173923,0.16621197391671855
5.74188156379888,1.1476493259081006
5.974844887894617,1.019376644710369
2.478781145480359,0.7816837729366033
7.262369288138448,0.255492682692613
7.76973403105731,0.37204586369765635
3.560944396128005,0.21665692435936473
1.6468777570928161,0.4435980659594819
1.0069800884160707,0.3815517368639459
4.440169965974769,0.6363141784713037
9.965566792697745,-0.00704292621360355
1.8573645656394044,0.30724154341962795
9.3049010923677,0.3096976795492532
0.7964166492360558,0.3225514660684825
1.5503941144404154,0.36525915409125626
1.3017607162826417,0.2691516814274937
7.146998799363077,0.4651322478475922
4.527231204887316,0.6453711246450975
2.619376318814962,0.798282405138281
4.34055895799537,0.27842422426914076
8.272661537604426,0.10133278125516315
3.773906874976011,-0.08509625512095575
9.660710608118169,0.033750700959759815
2.04711793273616,0.3662473416388448
5.746769204427603,0.9285781240808668
7.648625060464047,0.16121139558007747
3.6432152589124565,0.3063407242411076
0.2667859774315484,0.09136743122539567
4.170037892911875,0.0791239125584069
2.0564322786449276,0.4087530532773088
6.261477732446352,1.2841661309256036
3.1977687373630603,0.3995288254626018
6.796235700251618,0.8074262261909495
3.3793728540554104,0.14695356595745868
1.5026238329695119,0.21260700316877326
1.511110277773755,0.07756032836984966
1.8994336922886745,0.2638749594548583
4.613488799951937,0.32733577526945157
4.17777593682155,0.08522581050009936
4.496665335568552,0.19878743430313048
5.898357084434792,1.4287548257684681
6.964787124851148,0.402382738086701
2.192284938372757,0.24210216754136077
4.976081504085709,0.6260910867522799
4.5842311904199935,0.7444691771728624
9.116993825814346,-0.07922808232884847
8.458645019190849,-0.37371975985927813
8.77840448531365,-0.019583229929305293
3.470283859099217,0.39298950597784166
5.202789196242117,0.882570424407027
7.389453079024061,0.5263480774405598
4.714119480584939,0.5226385517129949
9.604673721575352,-0.027464346350634616
8.775457434663391,0.23355256719353465
5.967578924454902,1.2716674311561236
8.496240572170901,0.16349971252105505
4.005076804607736,0.08560459060287637
4.359966703085952,0.44535455331085383
7.08390586295507,0.6464644564480743
8.673459458816042,0.12380151121420024
1.7127078221487546,0.32269598935055677
6.1223936234527745,1.3945963026662604
3.0350846000790788,0.24236854974776365
5.37845248961939,0.8864613356528886
1.1882488383745171,0.47735185864691054
8.835180342086641,0.020893852277135527
3.9498827611638934,0.1397873148853763
1.9976421076283102,0.29277422106001005
9.51304532236556,-0.03338032313189525
4.3364075539666995,0.6299153992245334
6.559535541448223,1.0099254741794075
5.635830734590268,1.028255914117812
2.6789921908482106,0.17071708803393956
8.859641952198732,-0.15024771407229087
6.865784238723252,0.8482578892554199
9.25856345190574,0.11066475415157345
2.4423593970911894,0.5804054788513937
6.862907361864821,0.9350586090958005
4.6760948128613915,0.5944640422301656
9.324483380966676,0.2804926292895651
8.906009001917942,-0.10531779665991861
7.981650268553614,-0.22282374973671948
9.454627900230566,-0.1822175004855074
5.199050644679655,0.7616397509099746
7.718941367579228,0.23499524903375238
7.6758308541811076,0.06824363468568129
4.952210158350433,0.5682826590506079
6.795316437933971,1.153531932688758
5.88105369155261,1.2422924964421205
1.0756974385490048,0.3245594786250997
7.556899087640003,0.2713017400214762
1.680768948472059,0.8092240619155548
0.46773641672634425,0.27622769945595305
5.527739822053189,0.9826756530410571
4.760825265856019,0.32397179745032767
8.538289196997166,0.10595696647968868
7.945591281112381,0.148205203521473
7.466483667761706,0.10528583091076421
6.969033505106488,0.36395589852495724
5.996952410115661,1.3335085748251505
8.90417924408094,-0.07842699687140187
8.012226557423578,0.555502927164648
8.569448223610529,0.4183080475039735
2.170114742690857,0.7562924170164113
7.074306092122211,0.8055328216883759
1.5495054876928793,0.29549217081883594
1.3295796897494105,-0.08461807629460016
6.313485367320054,0.953252887143816
1.7003406923500652,0.35282862355436023
8.940879437379479,-0.07506685786767711
6.509443835475076,1.0145003731419453
2.995170478062261,0.32621993017027284
9.073485383104504,0.1071324138487219
1.7247474210482039,0.16518030495339212
6.599321505239409,1.0509716102891926
8.705649865979701,0.05515589267158723
2.0421754557828797,0.14310526078718894
9.027352360852714,0.01962963470781995
2.0711922190500487,0.5593580257415507
1.464155501996548,0.4674804088774107
8.95521890813389,0.02135082179342586
3.4708854973610337,0.35744353683715924
1.9228662664352902,0.2591711922497918
7.490193866086638,0.6815781987596263
1.5216717697903703,0.411757497327045
5.839245808545877,1.095825093061769
0.11830709774960924,0.252772942689792
5.71743828150858,0.9496894990815469
8.41442689213556,-0.08077679312848772
9.609719052398493,0.30493633290191563
0.4082457800847117,0.06358142361536774
4.185996904175839,0.08995962830943166
1.6569308923481707,0.09986701406739601
4.849706524577169,0.6968385694843394
9.52392782598172,0.1716966368837431
0.7772469590292741,0.13555012627827417
0.11563275535852346,0.21319467819555085
1.8442527016808463,0.5319345176784105
3.5416200007422214,-0.1079348596004655
1.862542427277596,0.029875523261876258
2.1765194162997616,0.5901792139316901
2.708506391365786,0.4191079400523968
0.4763081764824928,0.1282437026019031
1.055512587537245,0.26597146309114006
6.666995636560376,0.9780416075522378
3.7446572457672964,-0.013273482290211802
2.952278015069494,0.48955427210913194
2.408203705973815,0.32104993532083537
7.388335794990953,0.5156331031698026
0.4843838692068769,-0.16478660930417174
4.1596116272967745,0.14926216233780942
7.039244644130038,0.6067479199894605
0.7333597549999105,0.03702861568080257
2.3974749099324812,0.5163495784075957
3.2102906848278767,0.4329790950488539
1.265368377497773,0.46351581953457266
0.8040158472981962,0.46267374287165874
5.848917978355309,1.217799918864447
8.210215489735656,0.014507784937571586
0.28340630001664757,-0.08934995220382448
9.641254979027648,-0.262827705513424
8.31200919863324,0.10520710410823116
1.5328046704664688,0.11665148820193616
7.233644043993599,0.5634021671782835
9.523888152721314,-0.022566252489407846
8.662801748084782,-0.1316634833225005
7.906243123539659,0.027110114621335474
3.906338776393806,0.004679124184014699
8.367851643700531,0.16879894134160134
0.3270243568440845,-0.20273959061867186
4.905866745420084,0.3462987681031734
2.339492467715255,0.5562123353048333
5.813834437514447,1.3813480666135067
3.8577222448538064,0.1281451733907869
6.555994007387506,0.9745927261628019
4.2789613864772935,0.4258215755406797
1.8914453951528731,0.4490436371228884
7.861470071895385,0.3088239624644821
7.430726411290285,0.217827082200317
7.330046194302742,0.5237912146497075
6.996606105353585,0.5986558843741194
1.6300077067500385,0.11202636198912158
4.0386038737327565,0.2541907167534042
9.46538730855805,-0.2979011575791609
7.103594321315646,0.7715660795340192
5.200140671257433,0.8263992492743023
7.474891525950577,0.42850410444910625
2.920183415453166,0.2007654570756225
5.930878342887224,1.3640104087451128
5.710790730977864,1.085560421671762
0.1188801912886217,0.37044768891464974
8.498246480392533,-0.01841487689490088
5.761005008961347,1.0138441829542046
2.8951022710806926,0.5408018771648482
0.7732305508237902,0.03325397533040031
8.358963800595655,-0.09130791852362174
9.563156736984773,0.008880346440601617
8.928260075334732,-0.027040536716031655
7.478736361919847,0.7290831277932078
8.606942331256633,0.039328011107307485
6.206139227946848,1.3758896432606418
9.842144951455564,0.021335077678126636
8.516642815753205,0.1558748235920332
4.79198791270295,0.8834354250546335
6.7667430572167,0.8883950007927687
1.8353354618774886,0.264664599603164
4.181324555019707,0.037399523207167135
1.886008413885888,0.42151152262011576
2.654048742177433,0.5036846105949895
4.447884811273363,-0.037459882127357624
3.4072162608366696,0.1547477022006831
1.9554945390934841,0.7035202100286444
6.587026684978725,0.8989033512629782
2.5010509859497176,0.3534036178501375
4.416628956503839,1.1725142737508945
2.434623960520279,0.6359323951115263
0.1409894446238169,0.07900038786362933
6.261057805727537,1.2635179923659936
3.4505710096530997,-0.16979971210681072
2.7102702085383235,0.3682641987913712
2.910958623980303,0.2916865095232844
5.026952090125798,0.5640620114330362
7.848430353226576,0.4558968113162953
2.513880505874504,0.6103621710062663
3.572299288611455,0.3539341979717312
6.092382175661422,1.0669603058338828
1.9111514946291885,0.07220077529315738
3.6555435009184967,0.16879102897345527
5.997099399091688,1.497112417903022
0.05457027935353964,0.07513836381419599
1.692584991443462,0.7386307438668811
5.828543573454954,1.1844249431192502
0.040236477449889785,0.1775605085519513
7.31070137174123,0.6210893235946987
6.4867979797992925,1.1768508580412556
4.65763261618159,0.5784711664671782
2.4043343398188357,0.2578251047000678
6.509183354604916,1.0169055199436363
3.881589993224911,0.33325588409597406
3.346912628280209,0.12617664974808246
8.694812077899565,-0.041691528954423705
9.81599434563557,-0.07243554354223944
8.372165299597848,0.06225225500229744
1.8427305778355962,0.1436254117636585
0.3961275877217807,0.27520614740610305
4.886913614448059,0.9420610627854996
3.7118046672573124,0.13984099604266692
4.9582011113940085,0.5917613404352032
0.009648325320985585,-0.13798974038757714
2.7846971125021636,0.40499612450762934
5.1390354558375115,1.085670553331197
0.8698394290413924,0.1052052008415611
9.08651150072159,-0.3959017057622228
4.154332997362359,0.6040183235699623
3.1664751954782524,-0.12243462886390755
5.850851377902505,1.283049346287251
8.169938568989863,-0.07813417292798898
4.157353644588284,0.19101414080288176
0.7464141656952927,0.13488922846873205
1.0366852134821836,0.25844971689211177
1.0403273748040964,0.3682010504823875
0.6507508349188429,0.08399194243660632
9.903287853704922,0.08805207624584684
3.8453295513006545,0.34271105618747943
4.496421081892964,0.46388246044846115
1.7435891674937265,0.37499983807900567
1.316999333930302,0.3859186511043039
7.416118117054,0.7998115810404473
0.6319777092351686,0.30286200126222473
3.050783527700023,0.6840997126768946
0.9508077209051835,0.20761252885844603
1.8543699996968466,0.33408509808370257
1.4746915961331852,0.29532068108999426
7.0368927409815,0.8689777074881779
6.193632247050599,1.3160451076572954
6.729431289571543,0.8204108686284124
3.074358459986289,0.037040340277089995
8.784093931134938,0.343687156006838
5.775160909534838,1.2732093769577182
5.5604791024124705,1.0349916430566264
6.960280748677725,0.8967301577943382
2.5895672068470024,0.3652606943426202
2.3828567198673687,0.3613755705413682
4.672259359612942,0.5379751052619118
7.745190728327497,0.47324597099734994
5.684885616972277,0.7530379927943551
9.782325576753005,0.09247438891431149
9.852613021136529,-0.05187774210706133
9.840416385630634,0.32317378058206764
3.5508481673099848,-0.09464217287338084
0.8328982030558008,0.09612141278098131
5.935209294026226,1.370875633858549
4.362336913913739,0.2859805816002266
8.251572434230045,0.20253070604219386
3.4949139726646705,0.24731276193472707
3.939221276632944,0.49954163467860335
7.759001623884058,0.767838305655175
3.6812483370686477,0.14878298304684165
1.7446617390304264,0.3260213011727374
5.520014402014204,0.8797724008977305
4.532023179285137,0.10717587789478777
9.860283092017351,0.25117603506623537
4.646560701476496,0.6483458080613078
9.606500625646964,-0.2406024308258354
5.0269507327417156,1.1129586139670593
2.431690207474031,0.0881652170269574
1.339418673472621,0.32451670174870006
2.303622717414706,0.24707287681845844
3.1510280551928203,0.33919542620006493
9.605514607176033,-0.040730367772688805
6.747142121497741,0.8676490868260427
4.093301228206845,-0.037444917028499974
5.836166390244698,0.929188537019014
0.6212702710011497,0.39242665850411707
5.32029119313015,1.011004610989428
4.476326915269152,0.06559081600396266
5.47562590629337,0.8029599119678357
9.463692183507561,0.014573381329112386
2.995032976684242,0.33942049769714255
0.05184363792197,0.3225175536247868
5.139504301903312,0.6649593208740674
1.1292622491298765,0.3696434032189566
6.049544601367833,1.1729137294511827
5.874007497047029,1.4010776301661911
7.829424231112342,0.18352822395307672
8.912250340700535,0.0713917356331454
4.347872534605731,0.012327491165462168
3.0734218655690535,0.08356441198493389
7.233444070076271,0.6339260937025489
3.986449632363981,0.3996125208709401
0.9708496988854831,-0.009019752307044937
5.269237794363874,0.8828230887843785
7.33415494903907,0.7655333377104494
0.418121125444636,0.08427832060121547
2.867059301348196,0.45285942516443367
1.7421405715247862,0.39153516352536666
2.0747470978333538,0.3591936966423425
2.016952924982316,0.24636835178305755
5.848188427113461,1.064409916013718
1.3449389609762752,0.4960344536197623
6.65363695391182,1.03991782310672
6.274941720830254,1.0809724232520999
7.093185134834039,0.41683551566444144
2.2604823028523424,0.39781224259874165
5.902528323148832,1.1750518284411713
2.838296896645894,0.3639959732056951
8.542113146259403,-0.23347305258781828
3.778734104063628,0.16363124048688246
8.884884409070938,-0.1269119531852977
7.592531803681664,-0.042786204346459966
0.17474494864361034,-0.2554210435692644
3.25133003256431,0.410962307220762
0.2882735073364717,0.12137641488288295
7.942447107043069,0.20163222916776752
3.456287728118176,-0.1476933981169214
6.377271148050292,1.0677286197342308
6.461893824519419,0.9162433909184236
1.9045294744457775,0.5473192414745894
1.5976655149121577,0.2445590895649662
7.819817239366983,0.39809929531463256
5.564132972710891,0.9936345713625269
7.771845120251387,0.11140849114583437
3.270993675230761,0.14861576520876046
0.8641334663819944,0.22289937036487958
9.579001179938423,0.1648169484252868
0.9241235069588993,-0.16863902618925172
3.798975278507546,0.15570199266101165
7.378525937550615,0.631517057917778
7.640403413896264,0.37885387809806503
2.2501296769541934,0.5931095761356211
9.84963719823979,-0.30895795563564155
3.7766307897286366,0.6294918302481131
5.040070923715083,1.0392512745444438
5.042952309396327,0.9954095873951502
2.716483342765279,0.10530621072131108
1.9005214957661687,0.3299816278585952
8.833394375239283,0.17599338673395568
5.041810219570882,1.1535435265530167
4.411500929277961,0.15471569240583616
5.787448461190936,0.812869352907378
4.652752132711041,0.20172800840474542
2.605369376600809,0.6184941025152694
5.907914629180714,1.37699285354768
1.3330358361930106,0.5448469808777149
5.985241500731073,0.9979210025648968
8.257155724956661,0.11609921677221595
5.780509554321606,1.2357450248283626
6.415300790109767,0.8545985073760455
2.193981529641651,0.2951840817484934
7.97792201752031,0.21045419794287853
9.151236796521074,-0.2912721964230885
3.8449755366955785,0.15806314117724035
0.47637042491343706,-0.14943046498912613
9.191743372990853,-0.1801322716244649
5.349975805787527,0.610999107499816
2.258003905737663,0.4289060786586482
4.340367970864191,0.7641774045191874
2.736007702519425,0.3949399863136168
3.4606867893770223,0.1777071639532661
5.960394077811296,1.240067829021065
6.586606268583811,0.907682006177672
3.408794989706534,0.11762841882079848
7.51039537084703,0.37975430709469876
7.500194280528296,0.5065088154093788
1.8513838333675803,0.2995011694372763
8.815628191124592,-0.0004621900779937342
3.2208804811902327,0.08538788951292389
8.616303214863741,0.13104313419333452
4.398423837602906,0.32103724055019106
3.2319391839262988,0.5157892608947945
0.8776244616052598,0.10508879575989694
1.7685561280054585,0.39366764627418804
8.14943709286044,0.22669626243724433
1.7527667519701429,0.8634334656337239
6.659670832192058,1.1225965837177532
7.147475996026545,0.6837999060996397
0.7647082824501061,0.15130914841329132
3.2104542164206764,0.34932016776272967
0.5539432546948364,0.15662616685144087
9.615939518987147,0.15555442942598424
9.151134288351413,-0.3501404632142561
6.911960685806911,0.7547318262407713
0.5661846958636119,-0.15716787007009897
4.681963570143157,0.4492726407215272
9.073783811690795,-0.00022863923352737202
6.214504084631352,1.1529628577623083
6.690966797086184,1.1394243561237871
7.306824884271794,0.3260245356353151
0.9204912218872563,0.13168117753117559
6.532887820364193,1.0551034173590639
0.1507472005744115,0.26332059806789965
2.226704248462875,0.47646732675531295
4.687011594981682,0.5307684912924514
0.009367572878399288,0.05742969705728229
0.550641925076859,0.4518653626326543
8.370950697198886,0.12127707795005957
5.429118443924155,0.9229940876732469
1.7047499770068897,0.3915805695669924
5.548164307522752,0.9797783100467474
9.933094885877583,0.15096531310017822
3.437159602919271,0.5483685920058723
4.0448174991062995,0.020403344603977552
0.9001162360073922,0.12647976076211984
0.8121487441200037,0.2886850329848438
5.0375321540289555,0.31223307164073744
5.938245531086979,1.059668638891758
0.8949266269688694,0.3001332199096172
9.832966419925228,-0.1467107312805701
0.8150577863291875,0.13309346917087472
1.9793272272330886,0.4435954080748157
2.052886511671881,0.13572347234920507
3.959328625326799,0.10058530078172871
0.482492691821913,-0.21872634534744148
8.559271271687145,0.055268627634042715
4.840682316687618,0.6419243535176649
3.4277863085312834,0.3549743349413632
5.345417205399155,0.9150852857753754
8.74147637923999,-0.0797812246016231
2.81849366359881,0.4884558236493285
4.202078928741963,0.187143077846283
5.752507430540598,1.39970683189895
8.92543346278128,0.039121267543917405
8.280008081921038,0.258189535048507
5.62370055059832,1.1820491894657272
8.289515726870443,0.042390313496648034
9.4108283355174,-0.08537237320057126
3.2131189021699913,0.07912257461114894
2.361508361467497,0.5811785409834763
5.499303525088867,1.0770681015959265
0.5654950842634943,0.17423621711368778
0.9599018974295392,0.1323196471503405
0.811484951062843,0.3909600192032725
5.705255513797759,1.2487279593755323
4.660815657980794,0.6548679994324
4.713411781625469,0.4482232767899863
1.6963769323782962,0.4293038639892524
7.084185251887631,0.6191373286762449
4.182804846522657,0.49981849328836525
4.486764060378671,0.5247983025952925
6.511308357703664,0.5768331334389443
5.423338388910507,1.1905676166935062
4.503808203917183,0.8078494195293098
5.172102063359901,0.8553372719579853
6.933260516306131,0.7445021511403765
9.035672355460823,0.1303487454905736
1.8466425378904905,0.40640772340993914
7.889540298410177,0.41694663459372966
4.537174713940172,0.5851502825746673
5.617381731112995,0.9921269277768263
6.509397467522074,1.315740700392597
1.266087560054192,0.38749754088983307
3.861727855991306,0.3661242150079954
8.394800789809123,-0.06418980607660411
1.7275747270693609,0.4367228119450437
7.511547305055565,0.4203948444465389
3.386336189871213,-0.16598046711267445
6.665334229560532,0.7895124788688546
5.977076729601276,1.4270351861730781
6.925915897212356,0.8807471405215332
9.913978537213886,0.16960223872909924
9.328907833872725,-0.09856987772016619
2.8553351337362596,0.22660330492146172
9.878171800496494,0.07095496436468715
6.081943384320435,0.9704441808891067
3.370801901667957,0.030223554972064304
0.5901348699976017,0.1944658717227074
8.774970591181253,0.014021478687101279
1.175603170491425,0.6857331758919207
6.076905082514365,0.9190455547073195
3.377711943937032,0.26310061780450317
8.042864536479108,0.08953129360359116
2.3133946838461172,0.38375078100633214
3.1546833717889045,0.4071244356845549
7.715144683151538,0.4877996276236294
5.291029183861836,0.6487744761272549
4.58291385440452,0.7330144420201359
6.530436547966558,1.2819716737749638
6.558945083720975,0.8848382538026945
2.4988588113802725,0.18444683713242288
5.595014591231583,0.5955762043625963
6.050121713587568,0.9339933668377081
8.573544056499182,0.17211259844002957
5.019168678311807,0.6520882750999489
7.10594131341367,0.5248726105634102
4.430859130932497,0.47509644647288773
1.8999620880757984,0.4009127987179432
1.5826732604219185,0.21264001002313804
0.7461134791813862,0.31740713763311074
4.363291278747963,0.16593056334885667
6.328611425914623,1.1281955094876273
2.157314259332069,0.6314848921863718
2.764080728421894,0.40532660286379807
3.6294380223185874,0.1436273892388578
2.768338108491136,-0.12460782957167754
8.67317293686042,-0.3956022855888447
2.188230895303589,0.4542843411096362
5.605778988593473,1.0288953022005287
8.860421917761865,0.019589350018311445
4.990377410274107,0.6441964620481943
6.037662763997758,1.7178891875182352
0.5425282264714437,0.2587739045991788
2.6594960371298813,0.16481763885680717
8.577401605268786,-0.07889048872223631
9.564823318743045,-0.06336996870616604
0.9317762112837547,0.43131657713373417
8.12374962841025,-0.10500294357831075
8.477168237899354,0.42524127307296294
1.5455155878695226,0.485102562735073
1.1310521568711962,0.2015558955316263
5.101619324624492,1.0928793893364355
6.0534326623055446,1.1436329311595679
1.9406741737748145,0.5751367330158026
7.359203993740225,0.15669467013679955
2.203326875110755,0.096036824144072
9.535094871712575,0.22869844867154712
4.929366340687596,0.6101936241690121
5.830046724746847,1.2292896700480533
4.316304747624314,0.7374695817145371
1.227768259194495,0.14729749556008784
0.969686545572298,-0.046332456751110335
7.2230608293398735,0.41895189266526234
2.700819510448198,0.6057452416660516
9.491881171824936,-0.2185161342505551
6.231297871379534,0.7631485207773901
7.987594266942707,0.28083597329901705
5.526601238717282,1.1733672286037444
6.360275223224327,1.21851833395764
9.962593542975533,-0.12094744494398038
3.7776021742592745,-0.10640313683442618
7.548940985630278,0.46599922136662564
2.1887364318021985,0.5009707713654898
8.776823683727986,-0.14111102194936617
6.0562717864229985,0.6653310417373826
0.6218380054890238,0.1951942437979588
4.722718411779531,0.3169796044560542
8.758397936523089,0.13167086853876464
6.77565728071988,0.45213151940021085
0.6920678868379326,0.2724628847987577
9.150510284371842,-0.0020440315270647894
2.4904245705595907,0.4038825229739614
1.517984603108713,0.2640209849713342
1.4534995249197058,0.16606177132156383
3.5191312490236926,0.4220018834506953
9.735465769260001,-0.17144413493132424
4.962824909964272,0.7343489888106012
